0 5 0
5 15 1
15 25 2
25 50 4
50 75 6
75 100 9
100 125 11
125 150 14
150 175 16
175 200 19
200 225 21
225 250 24
250 275 26
275 300 29
300 325 31
325 350 34
350 375 36
375 400 39
400 425 41
425 450 44
450 475 46
475 500 49
500 525 51
525 550 54
550 575 56
575 600 59
600 625 61
625 650 64
650 675 66
675 700 69
700 725 71
725 750 74
750 775 76
775 800 79
800 825 81
825 850 84
850 875 86
875 900 89
900 925 91
925 950 94
950 975 96
975 1000 99
1000 1025 101
1025 1050 104
1050 1075 106
1075 1100 109
1100 1125 111
1125 1150 114
1150 1175 116
1175 1200 119
1200 1225 121
1225 1250 124
1250 1275 126
1275 1300 129
1300 1325 131
1325 1350 134
1350 1375 136
1375 1400 139
1400 1425 141
1425 1450 144
1450 1475 146
1475 1500 149
1500 1525 151
1525 1550 154
1550 1575 156
1575 1600 159
1600 1625 161
1625 1650 164
1650 1675 166
1675 1700 169
1700 1725 171
1725 1750 174
1750 1775 176
1775 1800 179
1800 1825 181
1825 1850 184
1850 1875 186
1875 1900 189
1900 1925 191
1925 1950 194
1950 1975 196
1975 2000 199
2000 2025 201
2025 2050 204
2050 2075 206
2075 2100 209
2100 2125 211
2125 2150 214
2150 2175 216
2175 2200 219
2200 2225 221
2225 2250 224
2250 2275 226
2275 2300 229
2300 2325 231
2325 2350 234
2350 2375 236
2375 2400 239
2400 2425 241
2425 2450 244
2450 2475 246
2475 2500 249
2500 2525 251
2525 2550 254
2550 2575 256
2575 2600 259
2600 2625 261
2625 2650 264
2650 2675 266
2675 2700 269
2700 2725 271
2725 2750 274
2750 2775 276
2775 2800 279
2800 2825 281
2825 2850 284
2850 2875 286
2875 2900 289
2900 2925 291
2925 2950 294
2950 2975 296
2975 3000 299
3000 3050 303
3050 3100 308
3100 3150 313
3150 3200 318
3200 3250 323
3250 3300 328
3300 3350 333
3350 3400 338
3400 3450 343
3450 3500 348
3500 3550 353
3550 3600 358
3600 3650 363
3650 3700 368
3700 3750 373
3750 3800 378
3800 3850 383
3850 3900 388
3900 3950 393
3950 4000 398
4000 4050 403
4050 4100 408
4100 4150 413
4150 4200 418
4200 4250 423
4250 4300 428
4300 4350 433
4350 4400 438
4400 4450 443
4450 4500 448
4500 4550 453
4550 4600 458
4600 4650 463
4650 4700 468
4700 4750 473
4750 4800 478
4800 4850 483
4850 4900 488
4900 4950 493
4950 5000 498
5000 5050 503
5050 5100 508
5100 5150 513
5150 5200 518
5200 5250 523
5250 5300 528
5300 5350 533
5350 5400 538
5400 5450 543
5450 5500 548
5500 5550 553
5550 5600 558
5600 5650 563
5650 5700 568
5700 5750 573
5750 5800 578
5800 5850 583
5850 5900 588
5900 5950 593
5950 6000 598
6000 6050 603
6050 6100 608
6100 6150 613
6150 6200 618
6200 6250 623
6250 6300 628
6300 6350 633
6350 6400 638
6400 6450 643
6450 6500 648
6500 6550 653
6550 6600 658
6600 6650 663
6650 6700 668
6700 6750 673
6750 6800 678
6800 6850 683
6850 6900 688
6900 6950 693
6950 7000 698
7000 7050 703
7050 7100 708
7100 7150 713
7150 7200 718
7200 7250 723
7250 7300 728
7300 7350 733
7350 7400 738
7400 7450 743
7450 7500 748
7500 7550 753
7550 7600 758
7600 7650 763
7650 7700 768
7700 7750 773
7750 7800 778
7800 7850 783
7850 7900 788
7900 7950 793
7950 8000 798
8000 8050 803
8050 8100 808
8100 8150 813
8150 8200 818
8200 8250 823
8250 8300 828
8300 8350 833
8350 8400 838
8400 8450 843
8450 8500 848
8500 8550 853
8550 8600 858
8600 8650 863
8650 8700 868
8700 8750 873
8750 8800 878
8800 8850 883
8850 8900 888
8900 8950 893
8950 9000 898
9000 9050 903
9050 9100 908
9100 9150 915
9150 9200 923
9200 9250 930
9250 9300 938
9300 9350 945
9350 9400 953
9400 9450 960
9450 9500 968
9500 9550 975
9550 9600 983
9600 9650 990
9650 9700 998
9700 9750 1005
9750 9800 1013
9800 9850 1020
9850 9900 1028
9900 9950 1035
9950 10000 1043
10000 10050 1050
10050 10100 1058
10100 10150 1065
10150 10200 1073
10200 10250 1080
10250 10300 1088
10300 10350 1095
10350 10400 1103
10400 10450 1110
10450 10500 1118
10500 10550 1125
10550 10600 1133
10600 10650 1140
10650 10700 1148
10700 10750 1155
10750 10800 1163
10800 10850 1170
10850 10900 1178
10900 10950 1185
10950 11000 1193
11000 11050 1200
11050 11100 1208
11100 11150 1215
11150 11200 1223
11200 11250 1230
11250 11300 1238
11300 11350 1245
11350 11400 1253
11400 11450 1260
11450 11500 1268
11500 11550 1275
11550 11600 1283
11600 11650 1290
11650 11700 1298
11700 11750 1305
11750 11800 1313
11800 11850 1320
11850 11900 1328
11900 11950 1335
11950 12000 1343
12000 12050 1350
12050 12100 1358
12100 12150 1365
12150 12200 1373
12200 12250 1380
12250 12300 1388
12300 12350 1395
12350 12400 1403
12400 12450 1410
12450 12500 1418
12500 12550 1425
12550 12600 1433
12600 12650 1440
12650 12700 1448
12700 12750 1455
12750 12800 1463
12800 12850 1470
12850 12900 1478
12900 12950 1485
12950 13000 1493
13000 13050 1500
13050 13100 1508
13100 13150 1515
13150 13200 1523
13200 13250 1530
13250 13300 1538
13300 13350 1545
13350 13400 1553
13400 13450 1560
13450 13500 1568
13500 13550 1575
13550 13600 1583
13600 13650 1590
13650 13700 1598
13700 13750 1605
13750 13800 1613
13800 13850 1620
13850 13900 1628
13900 13950 1635
13950 14000 1643
14000 14050 1650
14050 14100 1658
14100 14150 1665
14150 14200 1673
14200 14250 1680
14250 14300 1688
14300 14350 1695
14350 14400 1703
14400 14450 1710
14450 14500 1718
14500 14550 1725
14550 14600 1733
14600 14650 1740
14650 14700 1748
14700 14750 1755
14750 14800 1763
14800 14850 1770
14850 14900 1778
14900 14950 1785
14950 15000 1793
15000 15050 1800
15050 15100 1808
15100 15150 1815
15150 15200 1823
15200 15250 1830
15250 15300 1838
15300 15350 1845
15350 15400 1853
15400 15450 1860
15450 15500 1868
15500 15550 1875
15550 15600 1883
15600 15650 1890
15650 15700 1898
15700 15750 1905
15750 15800 1913
15800 15850 1920
15850 15900 1928
15900 15950 1935
15950 16000 1943
16000 16050 1950
16050 16100 1958
16100 16150 1965
16150 16200 1973
16200 16250 1980
16250 16300 1988
16300 16350 1995
16350 16400 2003
16400 16450 2010
16450 16500 2018
16500 16550 2025
16550 16600 2033
16600 16650 2040
16650 16700 2048
16700 16750 2055
16750 16800 2063
16800 16850 2070
16850 16900 2078
16900 16950 2085
16950 17000 2093
17000 17050 2100
17050 17100 2108
17100 17150 2115
17150 17200 2123
17200 17250 2130
17250 17300 2138
17300 17350 2145
17350 17400 2153
17400 17450 2160
17450 17500 2168
17500 17550 2175
17550 17600 2183
17600 17650 2190
17650 17700 2198
17700 17750 2205
17750 17800 2213
17800 17850 2220
17850 17900 2228
17900 17950 2235
17950 18000 2243
18000 18050 2250
18050 18100 2258
18100 18150 2265
18150 18200 2273
18200 18250 2280
18250 18300 2288
18300 18350 2295
18350 18400 2303
18400 18450 2310
18450 18500 2318
18500 18550 2325
18550 18600 2333
18600 18650 2340
18650 18700 2348
18700 18750 2355
18750 18800 2363
18800 18850 2370
18850 18900 2378
18900 18950 2385
18950 19000 2393
19000 19050 2400
19050 19100 2408
19100 19150 2415
19150 19200 2423
19200 19250 2430
19250 19300 2438
19300 19350 2445
19350 19400 2453
19400 19450 2460
19450 19500 2468
19500 19550 2475
19550 19600 2483
19600 19650 2490
19650 19700 2498
19700 19750 2505
19750 19800 2513
19800 19850 2520
19850 19900 2528
19900 19950 2535
19950 20000 2543
20000 20050 2550
20050 20100 2558
20100 20150 2565
20150 20200 2573
20200 20250 2580
20250 20300 2588
20300 20350 2595
20350 20400 2603
20400 20450 2610
20450 20500 2618
20500 20550 2625
20550 20600 2633
20600 20650 2640
20650 20700 2648
20700 20750 2655
20750 20800 2663
20800 20850 2670
20850 20900 2678
20900 20950 2685
20950 21000 2693
21000 21050 2700
21050 21100 2708
21100 21150 2715
21150 21200 2723
21200 21250 2730
21250 21300 2738
21300 21350 2745
21350 21400 2753
21400 21450 2760
21450 21500 2768
21500 21550 2775
21550 21600 2783
21600 21650 2790
21650 21700 2798
21700 21750 2805
21750 21800 2813
21800 21850 2820
21850 21900 2828
21900 21950 2835
21950 22000 2843
22000 22050 2850
22050 22100 2858
22100 22150 2865
22150 22200 2873
22200 22250 2880
22250 22300 2888
22300 22350 2895
22350 22400 2903
22400 22450 2910
22450 22500 2918
22500 22550 2925
22550 22600 2933
22600 22650 2940
22650 22700 2948
22700 22750 2955
22750 22800 2963
22800 22850 2970
22850 22900 2978
22900 22950 2985
22950 23000 2993
23000 23050 3000
23050 23100 3008
23100 23150 3015
23150 23200 3023
23200 23250 3030
23250 23300 3038
23300 23350 3045
23350 23400 3053
23400 23450 3060
23450 23500 3068
23500 23550 3075
23550 23600 3083
23600 23650 3090
23650 23700 3098
23700 23750 3105
23750 23800 3113
23800 23850 3120
23850 23900 3128
23900 23950 3135
23950 24000 3143
24000 24050 3150
24050 24100 3158
24100 24150 3165
24150 24200 3173
24200 24250 3180
24250 24300 3188
24300 24350 3195
24350 24400 3203
24400 24450 3210
24450 24500 3218
24500 24550 3225
24550 24600 3233
24600 24650 3240
24650 24700 3248
24700 24750 3255
24750 24800 3263
24800 24850 3270
24850 24900 3278
24900 24950 3285
24950 25000 3293
25000 25050 3300
25050 25100 3308
25100 25150 3315
25150 25200 3323
25200 25250 3330
25250 25300 3338
25300 25350 3345
25350 25400 3353
25400 25450 3360
25450 25500 3368
25500 25550 3375
25550 25600 3383
25600 25650 3390
25650 25700 3398
25700 25750 3405
25750 25800 3413
25800 25850 3420
25850 25900 3428
25900 25950 3435
25950 26000 3443
26000 26050 3450
26050 26100 3458
26100 26150 3465
26150 26200 3473
26200 26250 3480
26250 26300 3488
26300 26350 3495
26350 26400 3503
26400 26450 3510
26450 26500 3518
26500 26550 3525
26550 26600 3533
26600 26650 3540
26650 26700 3548
26700 26750 3555
26750 26800 3563
26800 26850 3570
26850 26900 3578
26900 26950 3585
26950 27000 3593
27000 27050 3600
27050 27100 3608
27100 27150 3615
27150 27200 3623
27200 27250 3630
27250 27300 3638
27300 27350 3645
27350 27400 3653
27400 27450 3660
27450 27500 3668
27500 27550 3675
27550 27600 3683
27600 27650 3690
27650 27700 3698
27700 27750 3705
27750 27800 3713
27800 27850 3720
27850 27900 3728
27900 27950 3735
27950 28000 3743
28000 28050 3750
28050 28100 3758
28100 28150 3765
28150 28200 3773
28200 28250 3780
28250 28300 3788
28300 28350 3795
28350 28400 3803
28400 28450 3810
28450 28500 3818
28500 28550 3825
28550 28600 3833
28600 28650 3840
28650 28700 3848
28700 28750 3855
28750 28800 3863
28800 28850 3870
28850 28900 3878
28900 28950 3885
28950 29000 3893
29000 29050 3900
29050 29100 3908
29100 29150 3915
29150 29200 3923
29200 29250 3930
29250 29300 3938
29300 29350 3945
29350 29400 3953
29400 29450 3960
29450 29500 3968
29500 29550 3975
29550 29600 3983
29600 29650 3990
29650 29700 3998
29700 29750 4005
29750 29800 4013
29800 29850 4020
29850 29900 4028
29900 29950 4035
29950 30000 4043
30000 30050 4050
30050 30100 4058
30100 30150 4065
30150 30200 4073
30200 30250 4080
30250 30300 4088
30300 30350 4095
30350 30400 4103
30400 30450 4110
30450 30500 4118
30500 30550 4125
30550 30600 4133
30600 30650 4140
30650 30700 4148
30700 30750 4155
30750 30800 4163
30800 30850 4170
30850 30900 4178
30900 30950 4185
30950 31000 4193
31000 31050 4200
31050 31100 4208
31100 31150 4215
31150 31200 4223
31200 31250 4230
31250 31300 4238
31300 31350 4245
31350 31400 4253
31400 31450 4260
31450 31500 4268
31500 31550 4275
31550 31600 4283
31600 31650 4290
31650 31700 4298
31700 31750 4305
31750 31800 4313
31800 31850 4320
31850 31900 4328
31900 31950 4335
31950 32000 4343
32000 32050 4350
32050 32100 4358
32100 32150 4365
32150 32200 4373
32200 32250 4380
32250 32300 4388
32300 32350 4395
32350 32400 4403
32400 32450 4410
32450 32500 4418
32500 32550 4425
32550 32600 4433
32600 32650 4440
32650 32700 4448
32700 32750 4455
32750 32800 4463
32800 32850 4470
32850 32900 4478
32900 32950 4485
32950 33000 4493
33000 33050 4500
33050 33100 4508
33100 33150 4515
33150 33200 4523
33200 33250 4530
33250 33300 4538
33300 33350 4545
33350 33400 4553
33400 33450 4560
33450 33500 4568
33500 33550 4575
33550 33600 4583
33600 33650 4590
33650 33700 4598
33700 33750 4605
33750 33800 4613
33800 33850 4620
33850 33900 4628
33900 33950 4635
33950 34000 4643
34000 34050 4650
34050 34100 4658
34100 34150 4665
34150 34200 4673
34200 34250 4680
34250 34300 4688
34300 34350 4695
34350 34400 4703
34400 34450 4710
34450 34500 4718
34500 34550 4725
34550 34600 4733
34600 34650 4740
34650 34700 4748
34700 34750 4755
34750 34800 4763
34800 34850 4770
34850 34900 4778
34900 34950 4785
34950 35000 4793
35000 35050 4800
35050 35100 4808
35100 35150 4815
35150 35200 4823
35200 35250 4830
35250 35300 4838
35300 35350 4845
35350 35400 4853
35400 35450 4860
35450 35500 4868
35500 35550 4875
35550 35600 4883
35600 35650 4890
35650 35700 4898
35700 35750 4905
35750 35800 4913
35800 35850 4920
35850 35900 4928
35900 35950 4935
35950 36000 4943
36000 36050 4950
36050 36100 4958
36100 36150 4965
36150 36200 4973
36200 36250 4980
36250 36300 4988
36300 36350 4995
36350 36400 5003
36400 36450 5010
36450 36500 5018
36500 36550 5025
36550 36600 5033
36600 36650 5040
36650 36700 5048
36700 36750 5055
36750 36800 5063
36800 36850 5070
36850 36900 5078
36900 36950 5088
36950 37000 5100
37000 37050 5113
37050 37100 5125
37100 37150 5138
37150 37200 5150
37200 37250 5163
37250 37300 5175
37300 37350 5188
37350 37400 5200
37400 37450 5213
37450 37500 5225
37500 37550 5238
37550 37600 5250
37600 37650 5263
37650 37700 5275
37700 37750 5288
37750 37800 5300
37800 37850 5313
37850 37900 5325
37900 37950 5338
37950 38000 5350
38000 38050 5363
38050 38100 5375
38100 38150 5388
38150 38200 5400
38200 38250 5413
38250 38300 5425
38300 38350 5438
38350 38400 5450
38400 38450 5463
38450 38500 5475
38500 38550 5488
38550 38600 5500
38600 38650 5513
38650 38700 5525
38700 38750 5538
38750 38800 5550
38800 38850 5563
38850 38900 5575
38900 38950 5588
38950 39000 5600
39000 39050 5613
39050 39100 5625
39100 39150 5638
39150 39200 5650
39200 39250 5663
39250 39300 5675
39300 39350 5688
39350 39400 5700
39400 39450 5713
39450 39500 5725
39500 39550 5738
39550 39600 5750
39600 39650 5763
39650 39700 5775
39700 39750 5788
39750 39800 5800
39800 39850 5813
39850 39900 5825
39900 39950 5838
39950 40000 5850
40000 40050 5863
40050 40100 5875
40100 40150 5888
40150 40200 5900
40200 40250 5913
40250 40300 5925
40300 40350 5938
40350 40400 5950
40400 40450 5963
40450 40500 5975
40500 40550 5988
40550 40600 6000
40600 40650 6013
40650 40700 6025
40700 40750 6038
40750 40800 6050
40800 40850 6063
40850 40900 6075
40900 40950 6088
40950 41000 6100
41000 41050 6113
41050 41100 6125
41100 41150 6138
41150 41200 6150
41200 41250 6163
41250 41300 6175
41300 41350 6188
41350 41400 6200
41400 41450 6213
41450 41500 6225
41500 41550 6238
41550 41600 6250
41600 41650 6263
41650 41700 6275
41700 41750 6288
41750 41800 6300
41800 41850 6313
41850 41900 6325
41900 41950 6338
41950 42000 6350
42000 42050 6363
42050 42100 6375
42100 42150 6388
42150 42200 6400
42200 42250 6413
42250 42300 6425
42300 42350 6438
42350 42400 6450
42400 42450 6463
42450 42500 6475
42500 42550 6488
42550 42600 6500
42600 42650 6513
42650 42700 6525
42700 42750 6538
42750 42800 6550
42800 42850 6563
42850 42900 6575
42900 42950 6588
42950 43000 6600
43000 43050 6613
43050 43100 6625
43100 43150 6638
43150 43200 6650
43200 43250 6663
43250 43300 6675
43300 43350 6688
43350 43400 6700
43400 43450 6713
43450 43500 6725
43500 43550 6738
43550 43600 6750
43600 43650 6763
43650 43700 6775
43700 43750 6788
43750 43800 6800
43800 43850 6813
43850 43900 6825
43900 43950 6838
43950 44000 6850
44000 44050 6863
44050 44100 6875
44100 44150 6888
44150 44200 6900
44200 44250 6913
44250 44300 6925
44300 44350 6938
44350 44400 6950
44400 44450 6963
44450 44500 6975
44500 44550 6988
44550 44600 7000
44600 44650 7013
44650 44700 7025
44700 44750 7038
44750 44800 7050
44800 44850 7063
44850 44900 7075
44900 44950 7088
44950 45000 7100
45000 45050 7113
45050 45100 7125
45100 45150 7138
45150 45200 7150
45200 45250 7163
45250 45300 7175
45300 45350 7188
45350 45400 7200
45400 45450 7213
45450 45500 7225
45500 45550 7238
45550 45600 7250
45600 45650 7263
45650 45700 7275
45700 45750 7288
45750 45800 7300
45800 45850 7313
45850 45900 7325
45900 45950 7338
45950 46000 7350
46000 46050 7363
46050 46100 7375
46100 46150 7388
46150 46200 7400
46200 46250 7413
46250 46300 7425
46300 46350 7438
46350 46400 7450
46400 46450 7463
46450 46500 7475
46500 46550 7488
46550 46600 7500
46600 46650 7513
46650 46700 7525
46700 46750 7538
46750 46800 7550
46800 46850 7563
46850 46900 7575
46900 46950 7588
46950 47000 7600
47000 47050 7613
47050 47100 7625
47100 47150 7638
47150 47200 7650
47200 47250 7663
47250 47300 7675
47300 47350 7688
47350 47400 7700
47400 47450 7713
47450 47500 7725
47500 47550 7738
47550 47600 7750
47600 47650 7763
47650 47700 7775
47700 47750 7788
47750 47800 7800
47800 47850 7813
47850 47900 7825
47900 47950 7838
47950 48000 7850
48000 48050 7863
48050 48100 7875
48100 48150 7888
48150 48200 7900
48200 48250 7913
48250 48300 7925
48300 48350 7938
48350 48400 7950
48400 48450 7963
48450 48500 7975
48500 48550 7988
48550 48600 8000
48600 48650 8013
48650 48700 8025
48700 48750 8038
48750 48800 8050
48800 48850 8063
48850 48900 8075
48900 48950 8088
48950 49000 8100
49000 49050 8113
49050 49100 8125
49100 49150 8138
49150 49200 8150
49200 49250 8163
49250 49300 8175
49300 49350 8188
49350 49400 8200
49400 49450 8213
49450 49500 8225
49500 49550 8238
49550 49600 8250
49600 49650 8263
49650 49700 8275
49700 49750 8288
49750 49800 8300
49800 49850 8313
49850 49900 8325
49900 49950 8338
49950 50000 8350
50000 50050 8363
50050 50100 8375
50100 50150 8388
50150 50200 8400
50200 50250 8413
50250 50300 8425
50300 50350 8438
50350 50400 8450
50400 50450 8463
50450 50500 8475
50500 50550 8488
50550 50600 8500
50600 50650 8513
50650 50700 8525
50700 50750 8538
50750 50800 8550
50800 50850 8563
50850 50900 8575
50900 50950 8588
50950 51000 8600
51000 51050 8613
51050 51100 8625
51100 51150 8638
51150 51200 8650
51200 51250 8663
51250 51300 8675
51300 51350 8688
51350 51400 8700
51400 51450 8713
51450 51500 8725
51500 51550 8738
51550 51600 8750
51600 51650 8763
51650 51700 8775
51700 51750 8788
51750 51800 8800
51800 51850 8813
51850 51900 8825
51900 51950 8838
51950 52000 8850
52000 52050 8863
52050 52100 8875
52100 52150 8888
52150 52200 8900
52200 52250 8913
52250 52300 8925
52300 52350 8938
52350 52400 8950
52400 52450 8963
52450 52500 8975
52500 52550 8988
52550 52600 9000
52600 52650 9013
52650 52700 9025
52700 52750 9038
52750 52800 9050
52800 52850 9063
52850 52900 9075
52900 52950 9088
52950 53000 9100
53000 53050 9113
53050 53100 9125
53100 53150 9138
53150 53200 9150
53200 53250 9163
53250 53300 9175
53300 53350 9188
53350 53400 9200
53400 53450 9213
53450 53500 9225
53500 53550 9238
53550 53600 9250
53600 53650 9263
53650 53700 9275
53700 53750 9288
53750 53800 9300
53800 53850 9313
53850 53900 9325
53900 53950 9338
53950 54000 9350
54000 54050 9363
54050 54100 9375
54100 54150 9388
54150 54200 9400
54200 54250 9413
54250 54300 9425
54300 54350 9438
54350 54400 9450
54400 54450 9463
54450 54500 9475
54500 54550 9488
54550 54600 9500
54600 54650 9513
54650 54700 9525
54700 54750 9538
54750 54800 9550
54800 54850 9563
54850 54900 9575
54900 54950 9588
54950 55000 9600
55000 55050 9613
55050 55100 9625
55100 55150 9638
55150 55200 9650
55200 55250 9663
55250 55300 9675
55300 55350 9688
55350 55400 9700
55400 55450 9713
55450 55500 9725
55500 55550 9738
55550 55600 9750
55600 55650 9763
55650 55700 9775
55700 55750 9788
55750 55800 9800
55800 55850 9813
55850 55900 9825
55900 55950 9838
55950 56000 9850
56000 56050 9863
56050 56100 9875
56100 56150 9888
56150 56200 9900
56200 56250 9913
56250 56300 9925
56300 56350 9938
56350 56400 9950
56400 56450 9963
56450 56500 9975
56500 56550 9988
56550 56600 10000
56600 56650 10013
56650 56700 10025
56700 56750 10038
56750 56800 10050
56800 56850 10063
56850 56900 10075
56900 56950 10088
56950 57000 10100
57000 57050 10113
57050 57100 10125
57100 57150 10138
57150 57200 10150
57200 57250 10163
57250 57300 10175
57300 57350 10188
57350 57400 10200
57400 57450 10213
57450 57500 10225
57500 57550 10238
57550 57600 10250
57600 57650 10263
57650 57700 10275
57700 57750 10288
57750 57800 10300
57800 57850 10313
57850 57900 10325
57900 57950 10338
57950 58000 10350
58000 58050 10363
58050 58100 10375
58100 58150 10388
58150 58200 10400
58200 58250 10413
58250 58300 10425
58300 58350 10438
58350 58400 10450
58400 58450 10463
58450 58500 10475
58500 58550 10488
58550 58600 10500
58600 58650 10513
58650 58700 10525
58700 58750 10538
58750 58800 10550
58800 58850 10563
58850 58900 10575
58900 58950 10588
58950 59000 10600
59000 59050 10613
59050 59100 10625
59100 59150 10638
59150 59200 10650
59200 59250 10663
59250 59300 10675
59300 59350 10688
59350 59400 10700
59400 59450 10713
59450 59500 10725
59500 59550 10738
59550 59600 10750
59600 59650 10763
59650 59700 10775
59700 59750 10788
59750 59800 10800
59800 59850 10813
59850 59900 10825
59900 59950 10838
59950 60000 10850
60000 60050 10863
60050 60100 10875
60100 60150 10888
60150 60200 10900
60200 60250 10913
60250 60300 10925
60300 60350 10938
60350 60400 10950
60400 60450 10963
60450 60500 10975
60500 60550 10988
60550 60600 11000
60600 60650 11013
60650 60700 11025
60700 60750 11038
60750 60800 11050
60800 60850 11063
60850 60900 11075
60900 60950 11088
60950 61000 11100
61000 61050 11113
61050 61100 11125
61100 61150 11138
61150 61200 11150
61200 61250 11163
61250 61300 11175
61300 61350 11188
61350 61400 11200
61400 61450 11213
61450 61500 11225
61500 61550 11238
61550 61600 11250
61600 61650 11263
61650 61700 11275
61700 61750 11288
61750 61800 11300
61800 61850 11313
61850 61900 11325
61900 61950 11338
61950 62000 11350
62000 62050 11363
62050 62100 11375
62100 62150 11388
62150 62200 11400
62200 62250 11413
62250 62300 11425
62300 62350 11438
62350 62400 11450
62400 62450 11463
62450 62500 11475
62500 62550 11488
62550 62600 11500
62600 62650 11513
62650 62700 11525
62700 62750 11538
62750 62800 11550
62800 62850 11563
62850 62900 11575
62900 62950 11588
62950 63000 11600
63000 63050 11613
63050 63100 11625
63100 63150 11638
63150 63200 11650
63200 63250 11663
63250 63300 11675
63300 63350 11688
63350 63400 11700
63400 63450 11713
63450 63500 11725
63500 63550 11738
63550 63600 11750
63600 63650 11763
63650 63700 11775
63700 63750 11788
63750 63800 11800
63800 63850 11813
63850 63900 11825
63900 63950 11838
63950 64000 11850
64000 64050 11863
64050 64100 11875
64100 64150 11888
64150 64200 11900
64200 64250 11913
64250 64300 11925
64300 64350 11938
64350 64400 11950
64400 64450 11963
64450 64500 11975
64500 64550 11988
64550 64600 12000
64600 64650 12013
64650 64700 12025
64700 64750 12038
64750 64800 12050
64800 64850 12063
64850 64900 12075
64900 64950 12088
64950 65000 12100
65000 65050 12113
65050 65100 12125
65100 65150 12138
65150 65200 12150
65200 65250 12163
65250 65300 12175
65300 65350 12188
65350 65400 12200
65400 65450 12213
65450 65500 12225
65500 65550 12238
65550 65600 12250
65600 65650 12263
65650 65700 12275
65700 65750 12288
65750 65800 12300
65800 65850 12313
65850 65900 12325
65900 65950 12338
65950 66000 12350
66000 66050 12363
66050 66100 12375
66100 66150 12388
66150 66200 12400
66200 66250 12413
66250 66300 12425
66300 66350 12438
66350 66400 12450
66400 66450 12463
66450 66500 12475
66500 66550 12488
66550 66600 12500
66600 66650 12513
66650 66700 12525
66700 66750 12538
66750 66800 12550
66800 66850 12563
66850 66900 12575
66900 66950 12588
66950 67000 12600
67000 67050 12613
67050 67100 12625
67100 67150 12638
67150 67200 12650
67200 67250 12663
67250 67300 12675
67300 67350 12688
67350 67400 12700
67400 67450 12713
67450 67500 12725
67500 67550 12738
67550 67600 12750
67600 67650 12763
67650 67700 12775
67700 67750 12788
67750 67800 12800
67800 67850 12813
67850 67900 12825
67900 67950 12838
67950 68000 12850
68000 68050 12863
68050 68100 12875
68100 68150 12888
68150 68200 12900
68200 68250 12913
68250 68300 12925
68300 68350 12938
68350 68400 12950
68400 68450 12963
68450 68500 12975
68500 68550 12988
68550 68600 13000
68600 68650 13013
68650 68700 13025
68700 68750 13038
68750 68800 13050
68800 68850 13063
68850 68900 13075
68900 68950 13088
68950 69000 13100
69000 69050 13113
69050 69100 13125
69100 69150 13138
69150 69200 13150
69200 69250 13163
69250 69300 13175
69300 69350 13188
69350 69400 13200
69400 69450 13213
69450 69500 13225
69500 69550 13238
69550 69600 13250
69600 69650 13263
69650 69700 13275
69700 69750 13288
69750 69800 13300
69800 69850 13313
69850 69900 13325
69900 69950 13338
69950 70000 13350
70000 70050 13363
70050 70100 13375
70100 70150 13388
70150 70200 13400
70200 70250 13413
70250 70300 13425
70300 70350 13438
70350 70400 13450
70400 70450 13463
70450 70500 13475
70500 70550 13488
70550 70600 13500
70600 70650 13513
70650 70700 13525
70700 70750 13538
70750 70800 13550
70800 70850 13563
70850 70900 13575
70900 70950 13588
70950 71000 13600
71000 71050 13613
71050 71100 13625
71100 71150 13638
71150 71200 13650
71200 71250 13663
71250 71300 13675
71300 71350 13688
71350 71400 13700
71400 71450 13713
71450 71500 13725
71500 71550 13738
71550 71600 13750
71600 71650 13763
71650 71700 13775
71700 71750 13788
71750 71800 13800
71800 71850 13813
71850 71900 13825
71900 71950 13838
71950 72000 13850
72000 72050 13863
72050 72100 13875
72100 72150 13888
72150 72200 13900
72200 72250 13913
72250 72300 13925
72300 72350 13938
72350 72400 13950
72400 72450 13963
72450 72500 13975
72500 72550 13988
72550 72600 14000
72600 72650 14013
72650 72700 14025
72700 72750 14038
72750 72800 14050
72800 72850 14063
72850 72900 14075
72900 72950 14088
72950 73000 14100
73000 73050 14113
73050 73100 14125
73100 73150 14138
73150 73200 14150
73200 73250 14163
73250 73300 14175
73300 73350 14188
73350 73400 14200
73400 73450 14213
73450 73500 14225
73500 73550 14238
73550 73600 14250
73600 73650 14263
73650 73700 14275
73700 73750 14288
73750 73800 14300
73800 73850 14313
73850 73900 14325
73900 73950 14338
73950 74000 14350
74000 74050 14363
74050 74100 14375
74100 74150 14388
74150 74200 14400
74200 74250 14413
74250 74300 14425
74300 74350 14438
74350 74400 14450
74400 74450 14463
74450 74500 14475
74500 74550 14488
74550 74600 14500
74600 74650 14513
74650 74700 14525
74700 74750 14538
74750 74800 14550
74800 74850 14563
74850 74900 14575
74900 74950 14588
74950 75000 14600
75000 75050 14613
75050 75100 14625
75100 75150 14638
75150 75200 14650
75200 75250 14663
75250 75300 14675
75300 75350 14688
75350 75400 14700
75400 75450 14713
75450 75500 14725
75500 75550 14738
75550 75600 14750
75600 75650 14763
75650 75700 14775
75700 75750 14788
75750 75800 14800
75800 75850 14813
75850 75900 14825
75900 75950 14838
75950 76000 14850
76000 76050 14863
76050 76100 14875
76100 76150 14888
76150 76200 14900
76200 76250 14913
76250 76300 14925
76300 76350 14938
76350 76400 14950
76400 76450 14963
76450 76500 14975
76500 76550 14988
76550 76600 15000
76600 76650 15013
76650 76700 15025
76700 76750 15038
76750 76800 15050
76800 76850 15063
76850 76900 15075
76900 76950 15088
76950 77000 15100
77000 77050 15113
77050 77100 15125
77100 77150 15138
77150 77200 15150
77200 77250 15163
77250 77300 15175
77300 77350 15188
77350 77400 15200
77400 77450 15213
77450 77500 15225
77500 77550 15238
77550 77600 15250
77600 77650 15263
77650 77700 15275
77700 77750 15288
77750 77800 15300
77800 77850 15313
77850 77900 15325
77900 77950 15338
77950 78000 15350
78000 78050 15363
78050 78100 15375
78100 78150 15388
78150 78200 15400
78200 78250 15413
78250 78300 15425
78300 78350 15438
78350 78400 15450
78400 78450 15463
78450 78500 15475
78500 78550 15488
78550 78600 15500
78600 78650 15513
78650 78700 15525
78700 78750 15538
78750 78800 15550
78800 78850 15563
78850 78900 15575
78900 78950 15588
78950 79000 15600
79000 79050 15613
79050 79100 15625
79100 79150 15638
79150 79200 15650
79200 79250 15663
79250 79300 15675
79300 79350 15688
79350 79400 15700
79400 79450 15713
79450 79500 15725
79500 79550 15738
79550 79600 15750
79600 79650 15763
79650 79700 15775
79700 79750 15788
79750 79800 15800
79800 79850 15813
79850 79900 15825
79900 79950 15838
79950 80000 15850
80000 80050 15863
80050 80100 15875
80100 80150 15888
80150 80200 15900
80200 80250 15913
80250 80300 15925
80300 80350 15938
80350 80400 15950
80400 80450 15963
80450 80500 15975
80500 80550 15988
80550 80600 16000
80600 80650 16013
80650 80700 16025
80700 80750 16038
80750 80800 16050
80800 80850 16063
80850 80900 16075
80900 80950 16088
80950 81000 16100
81000 81050 16113
81050 81100 16125
81100 81150 16138
81150 81200 16150
81200 81250 16163
81250 81300 16175
81300 81350 16188
81350 81400 16200
81400 81450 16213
81450 81500 16225
81500 81550 16238
81550 81600 16250
81600 81650 16263
81650 81700 16275
81700 81750 16288
81750 81800 16300
81800 81850 16313
81850 81900 16325
81900 81950 16338
81950 82000 16350
82000 82050 16363
82050 82100 16375
82100 82150 16388
82150 82200 16400
82200 82250 16413
82250 82300 16425
82300 82350 16438
82350 82400 16450
82400 82450 16463
82450 82500 16475
82500 82550 16488
82550 82600 16500
82600 82650 16513
82650 82700 16525
82700 82750 16538
82750 82800 16550
82800 82850 16563
82850 82900 16575
82900 82950 16588
82950 83000 16600
83000 83050 16613
83050 83100 16625
83100 83150 16638
83150 83200 16650
83200 83250 16663
83250 83300 16675
83300 83350 16688
83350 83400 16700
83400 83450 16713
83450 83500 16725
83500 83550 16738
83550 83600 16750
83600 83650 16763
83650 83700 16775
83700 83750 16788
83750 83800 16800
83800 83850 16813
83850 83900 16825
83900 83950 16838
83950 84000 16850
84000 84050 16863
84050 84100 16875
84100 84150 16888
84150 84200 16900
84200 84250 16913
84250 84300 16925
84300 84350 16938
84350 84400 16950
84400 84450 16963
84450 84500 16975
84500 84550 16988
84550 84600 17000
84600 84650 17013
84650 84700 17025
84700 84750 17038
84750 84800 17050
84800 84850 17063
84850 84900 17075
84900 84950 17088
84950 85000 17100
85000 85050 17113
85050 85100 17125
85100 85150 17138
85150 85200 17150
85200 85250 17163
85250 85300 17175
85300 85350 17188
85350 85400 17200
85400 85450 17213
85450 85500 17225
85500 85550 17238
85550 85600 17250
85600 85650 17263
85650 85700 17275
85700 85750 17288
85750 85800 17300
85800 85850 17313
85850 85900 17325
85900 85950 17338
85950 86000 17350
86000 86050 17363
86050 86100 17375
86100 86150 17388
86150 86200 17400
86200 86250 17413
86250 86300 17425
86300 86350 17438
86350 86400 17450
86400 86450 17463
86450 86500 17475
86500 86550 17488
86550 86600 17500
86600 86650 17513
86650 86700 17525
86700 86750 17538
86750 86800 17550
86800 86850 17563
86850 86900 17575
86900 86950 17588
86950 87000 17600
87000 87050 17613
87050 87100 17625
87100 87150 17638
87150 87200 17650
87200 87250 17663
87250 87300 17675
87300 87350 17688
87350 87400 17700
87400 87450 17713
87450 87500 17725
87500 87550 17738
87550 87600 17750
87600 87650 17763
87650 87700 17775
87700 87750 17788
87750 87800 17800
87800 87850 17813
87850 87900 17825
87900 87950 17838
87950 88000 17850
88000 88050 17863
88050 88100 17875
88100 88150 17888
88150 88200 17900
88200 88250 17913
88250 88300 17925
88300 88350 17938
88350 88400 17950
88400 88450 17963
88450 88500 17975
88500 88550 17988
88550 88600 18000
88600 88650 18013
88650 88700 18025
88700 88750 18038
88750 88800 18050
88800 88850 18063
88850 88900 18075
88900 88950 18088
88950 89000 18100
89000 89050 18113
89050 89100 18125
89100 89150 18138
89150 89200 18150
89200 89250 18163
89250 89300 18175
89300 89350 18188
89350 89400 18201
89400 89450 18215
89450 89500 18229
89500 89550 18243
89550 89600 18257
89600 89650 18271
89650 89700 18285
89700 89750 18299
89750 89800 18313
89800 89850 18327
89850 89900 18341
89900 89950 18355
89950 90000 18369
90000 90050 18383
90050 90100 18397
90100 90150 18411
90150 90200 18425
90200 90250 18439
90250 90300 18453
90300 90350 18467
90350 90400 18481
90400 90450 18495
90450 90500 18509
90500 90550 18523
90550 90600 18537
90600 90650 18551
90650 90700 18565
90700 90750 18579
90750 90800 18593
90800 90850 18607
90850 90900 18621
90900 90950 18635
90950 91000 18649
91000 91050 18663
91050 91100 18677
91100 91150 18691
91150 91200 18705
91200 91250 18719
91250 91300 18733
91300 91350 18747
91350 91400 18761
91400 91450 18775
91450 91500 18789
91500 91550 18803
91550 91600 18817
91600 91650 18831
91650 91700 18845
91700 91750 18859
91750 91800 18873
91800 91850 18887
91850 91900 18901
91900 91950 18915
91950 92000 18929
92000 92050 18943
92050 92100 18957
92100 92150 18971
92150 92200 18985
92200 92250 18999
92250 92300 19013
92300 92350 19027
92350 92400 19041
92400 92450 19055
92450 92500 19069
92500 92550 19083
92550 92600 19097
92600 92650 19111
92650 92700 19125
92700 92750 19139
92750 92800 19153
92800 92850 19167
92850 92900 19181
92900 92950 19195
92950 93000 19209
93000 93050 19223
93050 93100 19237
93100 93150 19251
93150 93200 19265
93200 93250 19279
93250 93300 19293
93300 93350 19307
93350 93400 19321
93400 93450 19335
93450 93500 19349
93500 93550 19363
93550 93600 19377
93600 93650 19391
93650 93700 19405
93700 93750 19419
93750 93800 19433
93800 93850 19447
93850 93900 19461
93900 93950 19475
93950 94000 19489
94000 94050 19503
94050 94100 19517
94100 94150 19531
94150 94200 19545
94200 94250 19559
94250 94300 19573
94300 94350 19587
94350 94400 19601
94400 94450 19615
94450 94500 19629
94500 94550 19643
94550 94600 19657
94600 94650 19671
94650 94700 19685
94700 94750 19699
94750 94800 19713
94800 94850 19727
94850 94900 19741
94900 94950 19755
94950 95000 19769
95000 95050 19783
95050 95100 19797
95100 95150 19811
95150 95200 19825
95200 95250 19839
95250 95300 19853
95300 95350 19867
95350 95400 19881
95400 95450 19895
95450 95500 19909
95500 95550 19923
95550 95600 19937
95600 95650 19951
95650 95700 19965
95700 95750 19979
95750 95800 19993
95800 95850 20007
95850 95900 20021
95900 95950 20035
95950 96000 20049
96000 96050 20063
96050 96100 20077
96100 96150 20091
96150 96200 20105
96200 96250 20119
96250 96300 20133
96300 96350 20147
96350 96400 20161
96400 96450 20175
96450 96500 20189
96500 96550 20203
96550 96600 20217
96600 96650 20231
96650 96700 20245
96700 96750 20259
96750 96800 20273
96800 96850 20287
96850 96900 20301
96900 96950 20315
96950 97000 20329
97000 97050 20343
97050 97100 20357
97100 97150 20371
97150 97200 20385
97200 97250 20399
97250 97300 20413
97300 97350 20427
97350 97400 20441
97400 97450 20455
97450 97500 20469
97500 97550 20483
97550 97600 20497
97600 97650 20511
97650 97700 20525
97700 97750 20539
97750 97800 20553
97800 97850 20567
97850 97900 20581
97900 97950 20595
97950 98000 20609
98000 98050 20623
98050 98100 20637
98100 98150 20651
98150 98200 20665
98200 98250 20679
98250 98300 20693
98300 98350 20707
98350 98400 20721
98400 98450 20735
98450 98500 20749
98500 98550 20763
98550 98600 20777
98600 98650 20791
98650 98700 20805
98700 98750 20819
98750 98800 20833
98800 98850 20847
98850 98900 20861
98900 98950 20875
98950 99000 20889
99000 99050 20903
99050 99100 20917
99100 99150 20931
99150 99200 20945
99200 99250 20959
99250 99300 20973
99300 99350 20987
99350 99400 21001
99400 99450 21015
99450 99500 21029
99500 99550 21043
99550 99600 21057
99600 99650 21071
99650 99700 21085
99700 99750 21099
99750 99800 21113
99800 99850 21127
99850 99900 21141
99900 99950 21155
99950 100000 21169
